482
v  -16.1444 35.0123 21.1106
v  -16.1444 34.3395 14.2801
v  -17.4770 34.3395 14.4113
v  -18.7583 34.3395 14.8000
v  -19.9392 34.3395 15.4312
v  -20.9743 34.3395 16.2807
v  -21.8238 34.3395 17.3158
v  -22.4550 34.3395 18.4967
v  -22.8437 34.3395 19.7780
v  -22.9749 34.3395 21.1106
v  -22.8437 34.3395 22.4432
v  -22.4550 34.3395 23.7246
v  -21.8238 34.3395 24.9055
v  -20.9743 34.3395 25.9406
v  -19.9392 34.3395 26.7900
v  -18.7583 34.3395 27.4212
v  -17.4769 34.3395 27.8099
v  -16.1444 34.3395 27.9412
v  -14.8118 34.3395 27.8099
v  -13.5304 34.3395 27.4212
v  -12.3495 34.3395 26.7900
v  -11.3144 34.3395 25.9405
v  -10.4650 34.3395 24.9055
v  -9.8338 34.3395 23.7246
v  -9.4451 34.3395 22.4432
v  -9.3138 34.3395 21.1106
v  -9.4451 34.3395 19.7780
v  -9.8338 34.3395 18.4967
v  -10.4650 34.3395 17.3158
v  -11.3145 34.3395 16.2807
v  -12.3495 34.3395 15.4312
v  -13.5305 34.3395 14.8000
v  -14.8118 34.3395 14.4113
v  -16.1444 32.3471 7.7120
v  -18.7583 32.3471 7.9695
v  -21.2718 32.3471 8.7319
v  -23.5882 32.3471 9.9701
v  -25.6186 32.3471 11.6364
v  -27.2849 32.3471 13.6667
v  -28.5231 32.3471 15.9832
v  -29.2855 32.3471 18.4967
v  -29.5430 32.3471 21.1106
v  -29.2855 32.3471 23.7246
v  -28.5231 32.3471 26.2381
v  -27.2849 32.3471 28.5545
v  -25.6186 32.3471 30.5849
v  -23.5882 32.3471 32.2512
v  -21.2718 32.3471 33.4893
v  -18.7583 32.3471 34.2518
v  -16.1444 32.3471 34.5092
v  -13.5304 32.3471 34.2518
v  -11.0169 32.3471 33.4893
v  -8.7005 32.3471 32.2512
v  -6.6701 32.3471 30.5849
v  -5.0038 32.3471 28.5545
v  -3.7657 32.3471 26.2380
v  -3.0032 32.3471 23.7245
v  -2.7458 32.3471 21.1106
v  -3.0032 32.3471 18.4967
v  -3.7657 32.3471 15.9832
v  -5.0039 32.3471 13.6667
v  -6.6701 32.3471 11.6364
v  -8.7005 32.3471 9.9701
v  -11.0170 32.3471 8.7319
v  -13.5305 32.3471 7.9695
v  -16.1444 29.1116 1.6588
v  -19.9392 29.1116 2.0326
v  -23.5882 29.1116 3.1395
v  -26.9512 29.1116 4.9371
v  -29.8989 29.1116 7.3561
v  -32.3179 29.1116 10.3038
v  -34.1155 29.1116 13.6668
v  -35.2224 29.1116 17.3158
v  -35.5962 29.1116 21.1106
v  -35.2224 29.1116 24.9055
v  -34.1155 29.1116 28.5545
v  -32.3179 29.1116 31.9175
v  -29.8988 29.1116 34.8651
v  -26.9512 29.1116 37.2842
v  -23.5882 29.1116 39.0817
v  -19.9392 29.1116 40.1886
v  -16.1444 29.1116 40.5624
v  -12.3495 29.1116 40.1886
v  -8.7005 29.1116 39.0817
v  -5.3375 29.1116 37.2842
v  -2.3899 29.1116 34.8651
v  0.0292 29.1116 31.9174
v  1.8267 29.1116 28.5545
v  2.9336 29.1116 24.9054
v  3.3074 29.1116 21.1106
v  2.9336 29.1116 17.3157
v  1.8267 29.1116 13.6667
v  0.0292 29.1116 10.3038
v  -2.3899 29.1116 7.3561
v  -5.3376 29.1116 4.9370
v  -8.7005 29.1116 3.1395
v  -12.3496 29.1116 2.0326
v  -16.1444 24.7574 -3.6468
v  -20.9743 24.7574 -3.1711
v  -25.6186 24.7574 -1.7622
v  -29.8989 24.7574 0.5256
v  -33.6505 24.7574 3.6045
v  -36.7294 24.7574 7.3561
v  -39.0172 24.7574 11.6364
v  -40.4261 24.7574 16.2807
v  -40.9018 24.7574 21.1106
v  -40.4261 24.7574 25.9406
v  -39.0172 24.7574 30.5849
v  -36.7294 24.7574 34.8651
v  -33.6505 24.7574 38.6168
v  -29.8988 24.7574 41.6957
v  -25.6186 24.7574 43.9835
v  -20.9743 24.7574 45.3923
v  -16.1444 24.7574 45.8680
v  -11.3144 24.7574 45.3923
v  -6.6701 24.7574 43.9835
v  -2.3899 24.7574 41.6956
v  1.3618 24.7574 38.6167
v  4.4407 24.7574 34.8651
v  6.7285 24.7574 30.5848
v  8.1373 24.7574 25.9405
v  8.6130 24.7574 21.1106
v  8.1373 24.7574 16.2806
v  6.7285 24.7574 11.6363
v  4.4406 24.7574 7.3561
v  1.3617 24.7574 3.6045
v  -2.3899 24.7574 0.5256
v  -6.6702 24.7574 -1.7623
v  -11.3145 24.7574 -3.1711
v  -16.1444 19.4518 -8.0010
v  -21.8238 19.4518 -7.4416
v  -27.2849 19.4518 -5.7850
v  -32.3179 19.4518 -3.0948
v  -36.7294 19.4518 0.5256
v  -40.3498 19.4518 4.9371
v  -43.0400 19.4518 9.9701
v  -44.6966 19.4518 15.4312
v  -45.2560 19.4518 21.1106
v  -44.6966 19.4518 26.7900
v  -43.0400 19.4518 32.2512
v  -40.3498 19.4518 37.2842
v  -36.7294 19.4518 41.6957
v  -32.3179 19.4518 45.3161
v  -27.2849 19.4518 48.0063
v  -21.8238 19.4518 49.6629
v  -16.1444 19.4518 50.2223
v  -10.4650 19.4518 49.6629
v  -5.0038 19.4518 48.0063
v  0.0292 19.4518 45.3160
v  4.4407 19.4518 41.6956
v  8.0611 19.4518 37.2841
v  10.7513 19.4518 32.2511
v  12.4079 19.4518 26.7900
v  12.9673 19.4518 21.1106
v  12.4079 19.4518 15.4312
v  10.7512 19.4518 9.9700
v  8.0610 19.4518 4.9370
v  4.4406 19.4518 0.5255
v  0.0291 19.4518 -3.0949
v  -5.0039 19.4518 -5.7850
v  -10.4650 19.4518 -7.4417
v  -16.1444 13.3986 -11.2365
v  -22.4550 13.3986 -10.6150
v  -28.5231 13.3986 -8.7742
v  -34.1155 13.3986 -5.7850
v  -39.0172 13.3986 -1.7622
v  -43.0400 13.3986 3.1395
v  -46.0292 13.3986 8.7319
v  -47.8700 13.3986 14.8000
v  -48.4915 13.3986 21.1106
v  -47.8699 13.3986 27.4212
v  -46.0292 13.3986 33.4893
v  -43.0400 13.3986 39.0817
v  -39.0172 13.3986 43.9835
v  -34.1155 13.3986 48.0063
v  -28.5231 13.3986 50.9955
v  -22.4550 13.3986 52.8362
v  -16.1443 13.3986 53.4577
v  -9.8337 13.3986 52.8362
v  -3.7656 13.3986 50.9954
v  1.8267 13.3986 48.0062
v  6.7285 13.3986 43.9835
v  10.7513 13.3986 39.0817
v  13.7405 13.3986 33.4893
v  15.5812 13.3986 27.4212
v  16.2027 13.3986 21.1106
v  15.5812 13.3986 14.8000
v  13.7404 13.3986 8.7319
v  10.7512 13.3986 3.1395
v  6.7284 13.3986 -1.7623
v  1.8267 13.3986 -5.7851
v  -3.7657 13.3986 -8.7742
v  -9.8338 13.3986 -10.6150
v  -16.1444 6.8306 -13.2289
v  -22.8437 6.8306 -12.5691
v  -29.2855 6.8306 -10.6150
v  -35.2224 6.8306 -7.4416
v  -40.4261 6.8306 -3.1711
v  -44.6966 6.8306 2.0326
v  -47.8700 6.8306 7.9695
v  -49.8241 6.8306 14.4113
v  -50.4839 6.8306 21.1106
v  -49.8241 6.8306 27.8099
v  -47.8699 6.8306 34.2518
v  -44.6966 6.8306 40.1886
v  -40.4261 6.8306 45.3923
v  -35.2224 6.8306 49.6629
v  -29.2855 6.8306 52.8362
v  -22.8437 6.8306 54.7903
v  -16.1443 6.8306 55.4501
v  -9.4450 6.8306 54.7903
v  -3.0032 6.8306 52.8362
v  2.9337 6.8306 49.6629
v  8.1374 6.8306 45.3923
v  12.4079 6.8306 40.1886
v  15.5812 6.8306 34.2517
v  17.5353 6.8306 27.8099
v  18.1951 6.8306 21.1106
v  17.5353 6.8306 14.4113
v  15.5812 6.8306 7.9694
v  12.4078 6.8306 2.0326
v  8.1373 6.8306 -3.1711
v  2.9336 6.8306 -7.4417
v  -3.0033 6.8306 -10.6150
v  -9.4451 6.8306 -12.5691
v  -16.1444 0.0000 -13.9016
v  -22.9749 0.0000 -13.2289
v  -29.5430 0.0000 -11.2365
v  -35.5961 0.0000 -8.0010
v  -40.9018 0.0000 -3.6468
v  -45.2560 0.0000 1.6588
v  -48.4915 0.0000 7.7120
v  -50.4839 0.0000 14.2801
v  -51.1566 0.0000 21.1106
v  -50.4839 0.0000 27.9412
v  -48.4915 0.0000 34.5093
v  -45.2560 0.0000 40.5624
v  -40.9018 0.0000 45.8680
v  -35.5961 0.0000 50.2223
v  -29.5430 0.0000 53.4577
v  -22.9749 0.0000 55.4501
v  -16.1443 0.0000 56.1229
v  -9.3138 0.0000 55.4501
v  -2.7457 0.0000 53.4577
v  3.3074 0.0000 50.2222
v  8.6131 0.0000 45.8680
v  12.9673 0.0000 40.5624
v  16.2028 0.0000 34.5092
v  18.1951 0.0000 27.9411
v  18.8679 0.0000 21.1106
v  18.1951 0.0000 14.2800
v  16.2027 0.0000 7.7120
v  12.9672 0.0000 1.6588
v  8.6130 0.0000 -3.6468
v  3.3073 0.0000 -8.0011
v  -2.7458 0.0000 -11.2365
v  -9.3139 0.0000 -13.2289
v  -16.1444 -6.8305 -13.2289
v  -22.8437 -6.8305 -12.5691
v  -29.2855 -6.8305 -10.6150
v  -35.2224 -6.8305 -7.4416
v  -40.4261 -6.8305 -3.1711
v  -44.6966 -6.8305 2.0326
v  -47.8700 -6.8305 7.9695
v  -49.8241 -6.8305 14.4113
v  -50.4839 -6.8305 21.1106
v  -49.8241 -6.8305 27.8099
v  -47.8699 -6.8305 34.2518
v  -44.6966 -6.8305 40.1887
v  -40.4261 -6.8305 45.3923
v  -35.2224 -6.8305 49.6629
v  -29.2855 -6.8305 52.8362
v  -22.8437 -6.8305 54.7903
v  -16.1443 -6.8305 55.4501
v  -9.4450 -6.8305 54.7903
v  -3.0032 -6.8305 52.8362
v  2.9337 -6.8305 49.6629
v  8.1374 -6.8305 45.3923
v  12.4079 -6.8305 40.1886
v  15.5812 -6.8305 34.2517
v  17.5353 -6.8305 27.8099
v  18.1951 -6.8305 21.1106
v  17.5353 -6.8305 14.4113
v  15.5812 -6.8305 7.9694
v  12.4079 -6.8305 2.0326
v  8.1373 -6.8305 -3.1711
v  2.9336 -6.8305 -7.4417
v  -3.0033 -6.8305 -10.6150
v  -9.4451 -6.8305 -12.5691
v  -16.1444 -13.3986 -11.2365
v  -22.4550 -13.3986 -10.6150
v  -28.5231 -13.3986 -8.7742
v  -34.1155 -13.3986 -5.7850
v  -39.0172 -13.3986 -1.7622
v  -43.0400 -13.3986 3.1395
v  -46.0292 -13.3986 8.7319
v  -47.8700 -13.3986 14.8000
v  -48.4915 -13.3986 21.1106
v  -47.8699 -13.3986 27.4212
v  -46.0292 -13.3986 33.4893
v  -43.0400 -13.3986 39.0817
v  -39.0172 -13.3986 43.9835
v  -34.1155 -13.3986 48.0063
v  -28.5231 -13.3986 50.9955
v  -22.4550 -13.3986 52.8362
v  -16.1443 -13.3986 53.4577
v  -9.8337 -13.3986 52.8362
v  -3.7656 -13.3986 50.9954
v  1.8267 -13.3986 48.0062
v  6.7285 -13.3986 43.9835
v  10.7513 -13.3986 39.0817
v  13.7405 -13.3986 33.4893
v  15.5812 -13.3986 27.4212
v  16.2027 -13.3986 21.1106
v  15.5812 -13.3986 14.8000
v  13.7404 -13.3986 8.7319
v  10.7512 -13.3986 3.1395
v  6.7284 -13.3986 -1.7623
v  1.8267 -13.3986 -5.7851
v  -3.7657 -13.3986 -8.7742
v  -9.8338 -13.3986 -10.6150
v  -16.1444 -19.4518 -8.0010
v  -21.8238 -19.4518 -7.4416
v  -27.2849 -19.4518 -5.7850
v  -32.3179 -19.4518 -3.0948
v  -36.7294 -19.4518 0.5256
v  -40.3498 -19.4518 4.9371
v  -43.0400 -19.4518 9.9701
v  -44.6966 -19.4518 15.4312
v  -45.2560 -19.4518 21.1106
v  -44.6966 -19.4518 26.7900
v  -43.0400 -19.4518 32.2512
v  -40.3498 -19.4518 37.2842
v  -36.7294 -19.4518 41.6957
v  -32.3179 -19.4518 45.3161
v  -27.2849 -19.4518 48.0063
v  -21.8238 -19.4518 49.6629
v  -16.1444 -19.4518 50.2223
v  -10.4650 -19.4518 49.6629
v  -5.0038 -19.4518 48.0063
v  0.0292 -19.4518 45.3160
v  4.4407 -19.4518 41.6956
v  8.0611 -19.4518 37.2841
v  10.7513 -19.4518 32.2511
v  12.4079 -19.4518 26.7900
v  12.9673 -19.4518 21.1106
v  12.4079 -19.4518 15.4312
v  10.7512 -19.4518 9.9700
v  8.0610 -19.4518 4.9370
v  4.4406 -19.4518 0.5255
v  0.0291 -19.4518 -3.0949
v  -5.0039 -19.4518 -5.7850
v  -10.4650 -19.4518 -7.4417
v  -16.1444 -24.7574 -3.6468
v  -20.9743 -24.7574 -3.1711
v  -25.6186 -24.7574 -1.7622
v  -29.8989 -24.7574 0.5256
v  -33.6505 -24.7574 3.6045
v  -36.7294 -24.7574 7.3561
v  -39.0172 -24.7574 11.6364
v  -40.4261 -24.7574 16.2807
v  -40.9018 -24.7574 21.1106
v  -40.4261 -24.7574 25.9406
v  -39.0172 -24.7574 30.5849
v  -36.7294 -24.7574 34.8651
v  -33.6505 -24.7574 38.6168
v  -29.8988 -24.7574 41.6957
v  -25.6186 -24.7574 43.9835
v  -20.9743 -24.7574 45.3923
v  -16.1444 -24.7574 45.8680
v  -11.3144 -24.7574 45.3923
v  -6.6701 -24.7574 43.9835
v  -2.3899 -24.7574 41.6956
v  1.3618 -24.7574 38.6167
v  4.4407 -24.7574 34.8651
v  6.7285 -24.7574 30.5848
v  8.1373 -24.7574 25.9405
v  8.6130 -24.7574 21.1106
v  8.1373 -24.7574 16.2806
v  6.7285 -24.7574 11.6363
v  4.4406 -24.7574 7.3561
v  1.3617 -24.7574 3.6045
v  -2.3899 -24.7574 0.5256
v  -6.6702 -24.7574 -1.7623
v  -11.3145 -24.7574 -3.1711
v  -16.1444 -29.1116 1.6588
v  -19.9392 -29.1116 2.0326
v  -23.5882 -29.1116 3.1395
v  -26.9512 -29.1116 4.9371
v  -29.8989 -29.1116 7.3561
v  -32.3179 -29.1116 10.3038
v  -34.1155 -29.1116 13.6668
v  -35.2224 -29.1116 17.3158
v  -35.5961 -29.1116 21.1106
v  -35.2224 -29.1116 24.9055
v  -34.1155 -29.1116 28.5545
v  -32.3179 -29.1116 31.9175
v  -29.8988 -29.1116 34.8651
v  -26.9512 -29.1116 37.2842
v  -23.5882 -29.1116 39.0817
v  -19.9392 -29.1116 40.1886
v  -16.1444 -29.1116 40.5624
v  -12.3495 -29.1116 40.1886
v  -8.7005 -29.1116 39.0817
v  -5.3375 -29.1116 37.2842
v  -2.3899 -29.1116 34.8651
v  0.0292 -29.1116 31.9174
v  1.8267 -29.1116 28.5545
v  2.9336 -29.1116 24.9054
v  3.3074 -29.1116 21.1106
v  2.9336 -29.1116 17.3157
v  1.8267 -29.1116 13.6667
v  0.0292 -29.1116 10.3038
v  -2.3899 -29.1116 7.3561
v  -5.3376 -29.1116 4.9370
v  -8.7005 -29.1116 3.1395
v  -12.3496 -29.1116 2.0326
v  -16.1444 -32.3471 7.7120
v  -18.7583 -32.3471 7.9695
v  -21.2718 -32.3471 8.7319
v  -23.5882 -32.3471 9.9701
v  -25.6186 -32.3471 11.6364
v  -27.2849 -32.3471 13.6668
v  -28.5231 -32.3471 15.9832
v  -29.2855 -32.3471 18.4967
v  -29.5430 -32.3471 21.1106
v  -29.2855 -32.3471 23.7246
v  -28.5231 -32.3471 26.2381
v  -27.2849 -32.3471 28.5545
v  -25.6186 -32.3471 30.5849
v  -23.5882 -32.3471 32.2512
v  -21.2718 -32.3471 33.4893
v  -18.7583 -32.3471 34.2518
v  -16.1444 -32.3471 34.5092
v  -13.5304 -32.3471 34.2518
v  -11.0169 -32.3471 33.4893
v  -8.7005 -32.3471 32.2511
v  -6.6701 -32.3471 30.5849
v  -5.0038 -32.3471 28.5545
v  -3.7657 -32.3471 26.2380
v  -3.0032 -32.3471 23.7245
v  -2.7458 -32.3471 21.1106
v  -3.0032 -32.3471 18.4967
v  -3.7657 -32.3471 15.9832
v  -5.0039 -32.3471 13.6667
v  -6.6702 -32.3471 11.6364
v  -8.7005 -32.3471 9.9701
v  -11.0170 -32.3471 8.7319
v  -13.5305 -32.3471 7.9695
v  -16.1444 -34.3395 14.2801
v  -17.4770 -34.3395 14.4113
v  -18.7583 -34.3395 14.8000
v  -19.9392 -34.3395 15.4312
v  -20.9743 -34.3395 16.2807
v  -21.8238 -34.3395 17.3158
v  -22.4550 -34.3395 18.4967
v  -22.8437 -34.3395 19.7780
v  -22.9749 -34.3395 21.1106
v  -22.8437 -34.3395 22.4432
v  -22.4550 -34.3395 23.7246
v  -21.8238 -34.3395 24.9055
v  -20.9743 -34.3395 25.9405
v  -19.9392 -34.3395 26.7900
v  -18.7583 -34.3395 27.4212
v  -17.4769 -34.3395 27.8099
v  -16.1444 -34.3395 27.9412
v  -14.8118 -34.3395 27.8099
v  -13.5304 -34.3395 27.4212
v  -12.3495 -34.3395 26.7900
v  -11.3144 -34.3395 25.9405
v  -10.4650 -34.3395 24.9055
v  -9.8338 -34.3395 23.7245
v  -9.4451 -34.3395 22.4432
v  -9.3138 -34.3395 21.1106
v  -9.4451 -34.3395 19.7780
v  -9.8338 -34.3395 18.4967
v  -10.4650 -34.3395 17.3158
v  -11.3145 -34.3395 16.2807
v  -12.3495 -34.3395 15.4312
v  -13.5305 -34.3395 14.8000
v  -14.8118 -34.3395 14.4113
v  -16.1444 -35.0123 21.1106

960
f 1 2 3 
f 1 3 4 
f 1 4 5 
f 1 5 6 
f 1 6 7 
f 1 7 8 
f 1 8 9 
f 1 9 10 
f 1 10 11 
f 1 11 12 
f 1 12 13 
f 1 13 14 
f 1 14 15 
f 1 15 16 
f 1 16 17 
f 1 17 18 
f 1 18 19 
f 1 19 20 
f 1 20 21 
f 1 21 22 
f 1 22 23 
f 1 23 24 
f 1 24 25 
f 1 25 26 
f 1 26 27 
f 1 27 28 
f 1 28 29 
f 1 29 30 
f 1 30 31 
f 1 31 32 
f 1 32 33 
f 1 33 2 
f 2 34 35 
f 2 35 3 
f 3 35 36 
f 3 36 4 
f 4 36 37 
f 4 37 5 
f 5 37 38 
f 5 38 6 
f 6 38 39 
f 6 39 7 
f 7 39 40 
f 7 40 8 
f 8 40 41 
f 8 41 9 
f 9 41 42 
f 9 42 10 
f 10 42 43 
f 10 43 11 
f 11 43 44 
f 11 44 12 
f 12 44 45 
f 12 45 13 
f 13 45 46 
f 13 46 14 
f 14 46 47 
f 14 47 15 
f 15 47 48 
f 15 48 16 
f 16 48 49 
f 16 49 17 
f 17 49 50 
f 17 50 18 
f 18 50 51 
f 18 51 19 
f 19 51 52 
f 19 52 20 
f 20 52 53 
f 20 53 21 
f 21 53 54 
f 21 54 22 
f 22 54 55 
f 22 55 23 
f 23 55 56 
f 23 56 24 
f 24 56 57 
f 24 57 25 
f 25 57 58 
f 25 58 26 
f 26 58 59 
f 26 59 27 
f 27 59 60 
f 27 60 28 
f 28 60 61 
f 28 61 29 
f 29 61 62 
f 29 62 30 
f 30 62 63 
f 30 63 31 
f 31 63 64 
f 31 64 32 
f 32 64 65 
f 32 65 33 
f 33 65 34 
f 33 34 2 
f 34 66 67 
f 34 67 35 
f 35 67 68 
f 35 68 36 
f 36 68 69 
f 36 69 37 
f 37 69 70 
f 37 70 38 
f 38 70 71 
f 38 71 39 
f 39 71 72 
f 39 72 40 
f 40 72 73 
f 40 73 41 
f 41 73 74 
f 41 74 42 
f 42 74 75 
f 42 75 43 
f 43 75 76 
f 43 76 44 
f 44 76 77 
f 44 77 45 
f 45 77 78 
f 45 78 46 
f 46 78 79 
f 46 79 47 
f 47 79 80 
f 47 80 48 
f 48 80 81 
f 48 81 49 
f 49 81 82 
f 49 82 50 
f 50 82 83 
f 50 83 51 
f 51 83 84 
f 51 84 52 
f 52 84 85 
f 52 85 53 
f 53 85 86 
f 53 86 54 
f 54 86 87 
f 54 87 55 
f 55 87 88 
f 55 88 56 
f 56 88 89 
f 56 89 57 
f 57 89 90 
f 57 90 58 
f 58 90 91 
f 58 91 59 
f 59 91 92 
f 59 92 60 
f 60 92 93 
f 60 93 61 
f 61 93 94 
f 61 94 62 
f 62 94 95 
f 62 95 63 
f 63 95 96 
f 63 96 64 
f 64 96 97 
f 64 97 65 
f 65 97 66 
f 65 66 34 
f 66 98 99 
f 66 99 67 
f 67 99 100 
f 67 100 68 
f 68 100 101 
f 68 101 69 
f 69 101 102 
f 69 102 70 
f 70 102 103 
f 70 103 71 
f 71 103 104 
f 71 104 72 
f 72 104 105 
f 72 105 73 
f 73 105 106 
f 73 106 74 
f 74 106 107 
f 74 107 75 
f 75 107 108 
f 75 108 76 
f 76 108 109 
f 76 109 77 
f 77 109 110 
f 77 110 78 
f 78 110 111 
f 78 111 79 
f 79 111 112 
f 79 112 80 
f 80 112 113 
f 80 113 81 
f 81 113 114 
f 81 114 82 
f 82 114 115 
f 82 115 83 
f 83 115 116 
f 83 116 84 
f 84 116 117 
f 84 117 85 
f 85 117 118 
f 85 118 86 
f 86 118 119 
f 86 119 87 
f 87 119 120 
f 87 120 88 
f 88 120 121 
f 88 121 89 
f 89 121 122 
f 89 122 90 
f 90 122 123 
f 90 123 91 
f 91 123 124 
f 91 124 92 
f 92 124 125 
f 92 125 93 
f 93 125 126 
f 93 126 94 
f 94 126 127 
f 94 127 95 
f 95 127 128 
f 95 128 96 
f 96 128 129 
f 96 129 97 
f 97 129 98 
f 97 98 66 
f 98 130 131 
f 98 131 99 
f 99 131 132 
f 99 132 100 
f 100 132 133 
f 100 133 101 
f 101 133 134 
f 101 134 102 
f 102 134 135 
f 102 135 103 
f 103 135 136 
f 103 136 104 
f 104 136 137 
f 104 137 105 
f 105 137 138 
f 105 138 106 
f 106 138 139 
f 106 139 107 
f 107 139 140 
f 107 140 108 
f 108 140 141 
f 108 141 109 
f 109 141 142 
f 109 142 110 
f 110 142 143 
f 110 143 111 
f 111 143 144 
f 111 144 112 
f 112 144 145 
f 112 145 113 
f 113 145 146 
f 113 146 114 
f 114 146 147 
f 114 147 115 
f 115 147 148 
f 115 148 116 
f 116 148 149 
f 116 149 117 
f 117 149 150 
f 117 150 118 
f 118 150 151 
f 118 151 119 
f 119 151 152 
f 119 152 120 
f 120 152 153 
f 120 153 121 
f 121 153 154 
f 121 154 122 
f 122 154 155 
f 122 155 123 
f 123 155 156 
f 123 156 124 
f 124 156 157 
f 124 157 125 
f 125 157 158 
f 125 158 126 
f 126 158 159 
f 126 159 127 
f 127 159 160 
f 127 160 128 
f 128 160 161 
f 128 161 129 
f 129 161 130 
f 129 130 98 
f 130 162 163 
f 130 163 131 
f 131 163 164 
f 131 164 132 
f 132 164 165 
f 132 165 133 
f 133 165 166 
f 133 166 134 
f 134 166 167 
f 134 167 135 
f 135 167 168 
f 135 168 136 
f 136 168 169 
f 136 169 137 
f 137 169 170 
f 137 170 138 
f 138 170 171 
f 138 171 139 
f 139 171 172 
f 139 172 140 
f 140 172 173 
f 140 173 141 
f 141 173 174 
f 141 174 142 
f 142 174 175 
f 142 175 143 
f 143 175 176 
f 143 176 144 
f 144 176 177 
f 144 177 145 
f 145 177 178 
f 145 178 146 
f 146 178 179 
f 146 179 147 
f 147 179 180 
f 147 180 148 
f 148 180 181 
f 148 181 149 
f 149 181 182 
f 149 182 150 
f 150 182 183 
f 150 183 151 
f 151 183 184 
f 151 184 152 
f 152 184 185 
f 152 185 153 
f 153 185 186 
f 153 186 154 
f 154 186 187 
f 154 187 155 
f 155 187 188 
f 155 188 156 
f 156 188 189 
f 156 189 157 
f 157 189 190 
f 157 190 158 
f 158 190 191 
f 158 191 159 
f 159 191 192 
f 159 192 160 
f 160 192 193 
f 160 193 161 
f 161 193 162 
f 161 162 130 
f 162 194 195 
f 162 195 163 
f 163 195 196 
f 163 196 164 
f 164 196 197 
f 164 197 165 
f 165 197 198 
f 165 198 166 
f 166 198 199 
f 166 199 167 
f 167 199 200 
f 167 200 168 
f 168 200 201 
f 168 201 169 
f 169 201 202 
f 169 202 170 
f 170 202 203 
f 170 203 171 
f 171 203 204 
f 171 204 172 
f 172 204 205 
f 172 205 173 
f 173 205 206 
f 173 206 174 
f 174 206 207 
f 174 207 175 
f 175 207 208 
f 175 208 176 
f 176 208 209 
f 176 209 177 
f 177 209 210 
f 177 210 178 
f 178 210 211 
f 178 211 179 
f 179 211 212 
f 179 212 180 
f 180 212 213 
f 180 213 181 
f 181 213 214 
f 181 214 182 
f 182 214 215 
f 182 215 183 
f 183 215 216 
f 183 216 184 
f 184 216 217 
f 184 217 185 
f 185 217 218 
f 185 218 186 
f 186 218 219 
f 186 219 187 
f 187 219 220 
f 187 220 188 
f 188 220 221 
f 188 221 189 
f 189 221 222 
f 189 222 190 
f 190 222 223 
f 190 223 191 
f 191 223 224 
f 191 224 192 
f 192 224 225 
f 192 225 193 
f 193 225 194 
f 193 194 162 
f 194 226 227 
f 194 227 195 
f 195 227 228 
f 195 228 196 
f 196 228 229 
f 196 229 197 
f 197 229 230 
f 197 230 198 
f 198 230 231 
f 198 231 199 
f 199 231 232 
f 199 232 200 
f 200 232 233 
f 200 233 201 
f 201 233 234 
f 201 234 202 
f 202 234 235 
f 202 235 203 
f 203 235 236 
f 203 236 204 
f 204 236 237 
f 204 237 205 
f 205 237 238 
f 205 238 206 
f 206 238 239 
f 206 239 207 
f 207 239 240 
f 207 240 208 
f 208 240 241 
f 208 241 209 
f 209 241 242 
f 209 242 210 
f 210 242 243 
f 210 243 211 
f 211 243 244 
f 211 244 212 
f 212 244 245 
f 212 245 213 
f 213 245 246 
f 213 246 214 
f 214 246 247 
f 214 247 215 
f 215 247 248 
f 215 248 216 
f 216 248 249 
f 216 249 217 
f 217 249 250 
f 217 250 218 
f 218 250 251 
f 218 251 219 
f 219 251 252 
f 219 252 220 
f 220 252 253 
f 220 253 221 
f 221 253 254 
f 221 254 222 
f 222 254 255 
f 222 255 223 
f 223 255 256 
f 223 256 224 
f 224 256 257 
f 224 257 225 
f 225 257 226 
f 225 226 194 
f 226 258 259 
f 226 259 227 
f 227 259 260 
f 227 260 228 
f 228 260 261 
f 228 261 229 
f 229 261 262 
f 229 262 230 
f 230 262 263 
f 230 263 231 
f 231 263 264 
f 231 264 232 
f 232 264 265 
f 232 265 233 
f 233 265 266 
f 233 266 234 
f 234 266 267 
f 234 267 235 
f 235 267 268 
f 235 268 236 
f 236 268 269 
f 236 269 237 
f 237 269 270 
f 237 270 238 
f 238 270 271 
f 238 271 239 
f 239 271 272 
f 239 272 240 
f 240 272 273 
f 240 273 241 
f 241 273 274 
f 241 274 242 
f 242 274 275 
f 242 275 243 
f 243 275 276 
f 243 276 244 
f 244 276 277 
f 244 277 245 
f 245 277 278 
f 245 278 246 
f 246 278 279 
f 246 279 247 
f 247 279 280 
f 247 280 248 
f 248 280 281 
f 248 281 249 
f 249 281 282 
f 249 282 250 
f 250 282 283 
f 250 283 251 
f 251 283 284 
f 251 284 252 
f 252 284 285 
f 252 285 253 
f 253 285 286 
f 253 286 254 
f 254 286 287 
f 254 287 255 
f 255 287 288 
f 255 288 256 
f 256 288 289 
f 256 289 257 
f 257 289 258 
f 257 258 226 
f 258 290 291 
f 258 291 259 
f 259 291 292 
f 259 292 260 
f 260 292 293 
f 260 293 261 
f 261 293 294 
f 261 294 262 
f 262 294 295 
f 262 295 263 
f 263 295 296 
f 263 296 264 
f 264 296 297 
f 264 297 265 
f 265 297 298 
f 265 298 266 
f 266 298 299 
f 266 299 267 
f 267 299 300 
f 267 300 268 
f 268 300 301 
f 268 301 269 
f 269 301 302 
f 269 302 270 
f 270 302 303 
f 270 303 271 
f 271 303 304 
f 271 304 272 
f 272 304 305 
f 272 305 273 
f 273 305 306 
f 273 306 274 
f 274 306 307 
f 274 307 275 
f 275 307 308 
f 275 308 276 
f 276 308 309 
f 276 309 277 
f 277 309 310 
f 277 310 278 
f 278 310 311 
f 278 311 279 
f 279 311 312 
f 279 312 280 
f 280 312 313 
f 280 313 281 
f 281 313 314 
f 281 314 282 
f 282 314 315 
f 282 315 283 
f 283 315 316 
f 283 316 284 
f 284 316 317 
f 284 317 285 
f 285 317 318 
f 285 318 286 
f 286 318 319 
f 286 319 287 
f 287 319 320 
f 287 320 288 
f 288 320 321 
f 288 321 289 
f 289 321 290 
f 289 290 258 
f 290 322 323 
f 290 323 291 
f 291 323 324 
f 291 324 292 
f 292 324 325 
f 292 325 293 
f 293 325 326 
f 293 326 294 
f 294 326 327 
f 294 327 295 
f 295 327 328 
f 295 328 296 
f 296 328 329 
f 296 329 297 
f 297 329 330 
f 297 330 298 
f 298 330 331 
f 298 331 299 
f 299 331 332 
f 299 332 300 
f 300 332 333 
f 300 333 301 
f 301 333 334 
f 301 334 302 
f 302 334 335 
f 302 335 303 
f 303 335 336 
f 303 336 304 
f 304 336 337 
f 304 337 305 
f 305 337 338 
f 305 338 306 
f 306 338 339 
f 306 339 307 
f 307 339 340 
f 307 340 308 
f 308 340 341 
f 308 341 309 
f 309 341 342 
f 309 342 310 
f 310 342 343 
f 310 343 311 
f 311 343 344 
f 311 344 312 
f 312 344 345 
f 312 345 313 
f 313 345 346 
f 313 346 314 
f 314 346 347 
f 314 347 315 
f 315 347 348 
f 315 348 316 
f 316 348 349 
f 316 349 317 
f 317 349 350 
f 317 350 318 
f 318 350 351 
f 318 351 319 
f 319 351 352 
f 319 352 320 
f 320 352 353 
f 320 353 321 
f 321 353 322 
f 321 322 290 
f 322 354 355 
f 322 355 323 
f 323 355 356 
f 323 356 324 
f 324 356 357 
f 324 357 325 
f 325 357 358 
f 325 358 326 
f 326 358 359 
f 326 359 327 
f 327 359 360 
f 327 360 328 
f 328 360 361 
f 328 361 329 
f 329 361 362 
f 329 362 330 
f 330 362 363 
f 330 363 331 
f 331 363 364 
f 331 364 332 
f 332 364 365 
f 332 365 333 
f 333 365 366 
f 333 366 334 
f 334 366 367 
f 334 367 335 
f 335 367 368 
f 335 368 336 
f 336 368 369 
f 336 369 337 
f 337 369 370 
f 337 370 338 
f 338 370 371 
f 338 371 339 
f 339 371 372 
f 339 372 340 
f 340 372 373 
f 340 373 341 
f 341 373 374 
f 341 374 342 
f 342 374 375 
f 342 375 343 
f 343 375 376 
f 343 376 344 
f 344 376 377 
f 344 377 345 
f 345 377 378 
f 345 378 346 
f 346 378 379 
f 346 379 347 
f 347 379 380 
f 347 380 348 
f 348 380 381 
f 348 381 349 
f 349 381 382 
f 349 382 350 
f 350 382 383 
f 350 383 351 
f 351 383 384 
f 351 384 352 
f 352 384 385 
f 352 385 353 
f 353 385 354 
f 353 354 322 
f 354 386 387 
f 354 387 355 
f 355 387 388 
f 355 388 356 
f 356 388 389 
f 356 389 357 
f 357 389 390 
f 357 390 358 
f 358 390 391 
f 358 391 359 
f 359 391 392 
f 359 392 360 
f 360 392 393 
f 360 393 361 
f 361 393 394 
f 361 394 362 
f 362 394 395 
f 362 395 363 
f 363 395 396 
f 363 396 364 
f 364 396 397 
f 364 397 365 
f 365 397 398 
f 365 398 366 
f 366 398 399 
f 366 399 367 
f 367 399 400 
f 367 400 368 
f 368 400 401 
f 368 401 369 
f 369 401 402 
f 369 402 370 
f 370 402 403 
f 370 403 371 
f 371 403 404 
f 371 404 372 
f 372 404 405 
f 372 405 373 
f 373 405 406 
f 373 406 374 
f 374 406 407 
f 374 407 375 
f 375 407 408 
f 375 408 376 
f 376 408 409 
f 376 409 377 
f 377 409 410 
f 377 410 378 
f 378 410 411 
f 378 411 379 
f 379 411 412 
f 379 412 380 
f 380 412 413 
f 380 413 381 
f 381 413 414 
f 381 414 382 
f 382 414 415 
f 382 415 383 
f 383 415 416 
f 383 416 384 
f 384 416 417 
f 384 417 385 
f 385 417 386 
f 385 386 354 
f 386 418 419 
f 386 419 387 
f 387 419 420 
f 387 420 388 
f 388 420 421 
f 388 421 389 
f 389 421 422 
f 389 422 390 
f 390 422 423 
f 390 423 391 
f 391 423 424 
f 391 424 392 
f 392 424 425 
f 392 425 393 
f 393 425 426 
f 393 426 394 
f 394 426 427 
f 394 427 395 
f 395 427 428 
f 395 428 396 
f 396 428 429 
f 396 429 397 
f 397 429 430 
f 397 430 398 
f 398 430 431 
f 398 431 399 
f 399 431 432 
f 399 432 400 
f 400 432 433 
f 400 433 401 
f 401 433 434 
f 401 434 402 
f 402 434 435 
f 402 435 403 
f 403 435 436 
f 403 436 404 
f 404 436 437 
f 404 437 405 
f 405 437 438 
f 405 438 406 
f 406 438 439 
f 406 439 407 
f 407 439 440 
f 407 440 408 
f 408 440 441 
f 408 441 409 
f 409 441 442 
f 409 442 410 
f 410 442 443 
f 410 443 411 
f 411 443 444 
f 411 444 412 
f 412 444 445 
f 412 445 413 
f 413 445 446 
f 413 446 414 
f 414 446 447 
f 414 447 415 
f 415 447 448 
f 415 448 416 
f 416 448 449 
f 416 449 417 
f 417 449 418 
f 417 418 386 
f 418 450 451 
f 418 451 419 
f 419 451 452 
f 419 452 420 
f 420 452 453 
f 420 453 421 
f 421 453 454 
f 421 454 422 
f 422 454 455 
f 422 455 423 
f 423 455 456 
f 423 456 424 
f 424 456 457 
f 424 457 425 
f 425 457 458 
f 425 458 426 
f 426 458 459 
f 426 459 427 
f 427 459 460 
f 427 460 428 
f 428 460 461 
f 428 461 429 
f 429 461 462 
f 429 462 430 
f 430 462 463 
f 430 463 431 
f 431 463 464 
f 431 464 432 
f 432 464 465 
f 432 465 433 
f 433 465 466 
f 433 466 434 
f 434 466 467 
f 434 467 435 
f 435 467 468 
f 435 468 436 
f 436 468 469 
f 436 469 437 
f 437 469 470 
f 437 470 438 
f 438 470 471 
f 438 471 439 
f 439 471 472 
f 439 472 440 
f 440 472 473 
f 440 473 441 
f 441 473 474 
f 441 474 442 
f 442 474 475 
f 442 475 443 
f 443 475 476 
f 443 476 444 
f 444 476 477 
f 444 477 445 
f 445 477 478 
f 445 478 446 
f 446 478 479 
f 446 479 447 
f 447 479 480 
f 447 480 448 
f 448 480 481 
f 448 481 449 
f 449 481 450 
f 449 450 418 
f 482 451 450 
f 482 452 451 
f 482 453 452 
f 482 454 453 
f 482 455 454 
f 482 456 455 
f 482 457 456 
f 482 458 457 
f 482 459 458 
f 482 460 459 
f 482 461 460 
f 482 462 461 
f 482 463 462 
f 482 464 463 
f 482 465 464 
f 482 466 465 
f 482 467 466 
f 482 468 467 
f 482 469 468 
f 482 470 469 
f 482 471 470 
f 482 472 471 
f 482 473 472 
f 482 474 473 
f 482 475 474 
f 482 476 475 
f 482 477 476 
f 482 478 477 
f 482 479 478 
f 482 480 479 
f 482 481 480 
f 482 450 481 


