100
v  11.5190 2.6734 70.0420
v  13.8087 4.9943 41.1205
v  16.5534 4.9943 41.1205
v  18.0349 2.6734 70.0420
v  26.0322 4.9943 41.1205
v  24.5507 2.6734 70.0420
v  28.7769 4.9943 41.1205
v  31.0666 2.6734 70.0420
v  7.0746 0.0000 12.1991
v  16.5534 0.0000 12.1991
v  26.0322 0.0000 12.1991
v  35.5110 0.0000 12.1991
v  13.3645 -0.1582 -16.7224
v  16.5534 -0.7151 -16.7224
v  26.0322 -0.7151 -16.7224
v  29.2211 -0.5569 -16.7224
v  11.6109 14.3165 70.0420
v  17.9430 14.3165 70.0420
v  16.5534 17.1052 41.1205
v  12.9599 14.1690 41.1205
v  24.5507 14.4318 70.0420
v  26.0322 17.1052 41.1205
v  31.0666 14.4318 70.0420
v  29.6257 14.1690 41.1205
v  16.5534 20.0086 12.1991
v  7.0746 20.0086 12.1991
v  26.0322 20.0086 12.1991
v  35.5110 20.0086 12.1991
v  16.5534 19.2935 -16.7224
v  7.0746 19.2935 -16.7224
v  26.0322 19.2935 -16.7224
v  35.5110 19.2935 -16.7224
v  13.1685 5.6209 88.3071
v  16.3854 5.6209 88.3071
v  17.9430 7.3452 88.3071
v  11.6109 7.3452 88.3071
v  24.5507 7.2581 70.0420
v  17.9430 7.3452 70.0420
v  26.0304 5.3435 88.3071
v  29.5870 5.3435 88.3071
v  31.0666 7.2581 88.3071
v  24.5507 7.2581 88.3071
v  17.9430 9.8611 88.3071
v  11.6109 9.8611 88.3071
v  24.5507 9.8470 70.0420
v  17.9430 9.8611 70.0420
v  31.0666 9.8470 88.3071
v  24.5507 9.8470 88.3071
v  16.3400 11.3690 88.3071
v  13.2139 11.3690 88.3071
v  29.5870 11.7617 88.3071
v  26.0304 11.7617 88.3071
v  35.5110 6.6695 41.1205
v  31.0666 7.2581 70.0420
v  35.5110 6.6695 12.1991
v  65.1886 9.8964 28.6138
v  65.1886 9.8964 28.3019
v  65.1886 9.9683 28.2990
v  65.1886 9.9683 28.6109
v  35.5110 10.4357 41.1205
v  31.0666 9.8470 70.0420
v  35.5110 13.3391 12.1991
v  65.1886 10.0403 28.2990
v  65.1886 10.0403 28.6109
v  65.1886 10.1122 28.2990
v  65.1886 10.1122 28.6109
v  21.3914 9.2396 -45.0230
v  21.3257 9.2396 -45.0230
v  21.3257 9.2858 -45.0230
v  21.3914 9.2858 -45.0230
v  21.2599 9.2396 -45.0230
v  21.2599 9.2858 -45.0230
v  21.1942 9.2445 -45.0230
v  21.1942 9.2858 -45.0230
v  21.3257 9.3321 -45.0230
v  21.3914 9.3321 -45.0230
v  21.2599 9.3321 -45.0230
v  21.1942 9.3321 -45.0230
v  21.3257 9.3784 -45.0230
v  21.3914 9.3784 -45.0230
v  21.2599 9.3784 -45.0230
v  21.1942 9.3784 -45.0230
v  -22.6030 9.8480 28.0496
v  -22.6030 9.8480 28.5014
v  -22.6030 9.9522 28.5014
v  -22.6030 9.9522 28.0496
v  7.0746 6.6695 41.1205
v  7.0746 6.6695 12.1991
v  11.6109 7.3452 70.0420
v  -22.6030 10.0564 28.5014
v  -22.6030 10.0564 28.0496
v  7.0746 10.4357 41.1205
v  7.0746 13.3391 12.1991
v  11.6109 9.8611 70.0420
v  -22.6030 10.1606 28.5014
v  -22.6030 10.1606 28.0496
v  7.0746 12.6240 -16.7224
v  7.0746 5.9545 -16.7224
v  35.5110 5.9545 -16.7224
v  35.5110 12.6240 -16.7224

196
f 1 2 3 
f 3 4 1 
f 4 3 5 
f 5 6 4 
f 6 5 7 
f 7 8 6 
f 2 9 10 
f 10 3 2 
f 3 10 11 
f 11 5 3 
f 5 11 12 
f 12 7 5 
f 9 13 14 
f 14 10 9 
f 10 14 15 
f 15 11 10 
f 11 15 16 
f 16 12 11 
f 17 18 19 
f 19 20 17 
f 18 21 22 
f 22 19 18 
f 21 23 24 
f 24 22 21 
f 20 19 25 
f 25 26 20 
f 19 22 27 
f 27 25 19 
f 22 24 28 
f 28 27 22 
f 26 25 29 
f 29 30 26 
f 25 27 31 
f 31 29 25 
f 27 28 32 
f 32 31 27 
f 33 34 35 
f 35 36 33 
f 4 6 37 
f 37 38 4 
f 39 40 41 
f 41 42 39 
f 36 35 43 
f 43 44 36 
f 38 37 45 
f 45 46 38 
f 42 41 47 
f 47 48 42 
f 44 43 49 
f 49 50 44 
f 46 45 21 
f 21 18 46 
f 48 47 51 
f 51 52 48 
f 8 7 53 
f 53 54 8 
f 7 12 55 
f 55 53 7 
f 56 57 58 
f 58 59 56 
f 54 53 60 
f 60 61 54 
f 53 55 62 
f 62 60 53 
f 59 58 63 
f 63 64 59 
f 61 60 24 
f 24 23 61 
f 60 62 28 
f 28 24 60 
f 64 63 65 
f 65 66 64 
f 67 68 69 
f 69 70 67 
f 68 71 72 
f 72 69 68 
f 71 73 74 
f 74 72 71 
f 70 69 75 
f 75 76 70 
f 69 72 77 
f 77 75 69 
f 72 74 78 
f 78 77 72 
f 76 75 79 
f 79 80 76 
f 75 77 81 
f 81 79 75 
f 77 78 82 
f 82 81 77 
f 83 84 85 
f 85 86 83 
f 9 2 87 
f 87 88 9 
f 2 1 89 
f 89 87 2 
f 86 85 90 
f 90 91 86 
f 88 87 92 
f 92 93 88 
f 87 89 94 
f 94 92 87 
f 91 90 95 
f 95 96 91 
f 93 92 20 
f 20 26 93 
f 92 94 17 
f 17 20 92 
f 13 9 84 
f 84 83 13 
f 9 88 85 
f 85 84 9 
f 88 93 90 
f 90 85 88 
f 93 26 95 
f 95 90 93 
f 26 30 96 
f 96 95 26 
f 30 97 91 
f 91 96 30 
f 97 98 86 
f 86 91 97 
f 98 13 83 
f 83 86 98 
f 12 16 57 
f 57 56 12 
f 16 99 58 
f 58 57 16 
f 99 100 63 
f 63 58 99 
f 100 32 65 
f 65 63 100 
f 32 28 66 
f 66 65 32 
f 28 62 64 
f 64 66 28 
f 62 55 59 
f 59 64 62 
f 55 12 56 
f 56 59 55 
f 14 13 73 
f 73 71 14 
f 13 98 74 
f 74 73 13 
f 98 97 78 
f 78 74 98 
f 97 30 82 
f 82 78 97 
f 30 29 81 
f 81 82 30 
f 29 31 79 
f 79 81 29 
f 31 32 80 
f 80 79 31 
f 32 100 76 
f 76 80 32 
f 100 99 70 
f 70 76 100 
f 99 16 67 
f 67 70 99 
f 16 15 68 
f 68 67 16 
f 15 14 71 
f 71 68 15 
f 1 4 34 
f 34 33 1 
f 4 38 35 
f 35 34 4 
f 38 46 43 
f 43 35 38 
f 46 18 49 
f 49 43 46 
f 18 17 50 
f 50 49 18 
f 17 94 44 
f 44 50 17 
f 94 89 36 
f 36 44 94 
f 89 1 33 
f 33 36 89 
f 6 8 40 
f 40 39 6 
f 8 54 41 
f 41 40 8 
f 54 61 47 
f 47 41 54 
f 61 23 51 
f 51 47 61 
f 23 21 52 
f 52 51 23 
f 21 45 48 
f 48 52 21 
f 45 37 42 
f 42 48 45 
f 37 6 39 
f 39 42 37 


